"0",""
"0","# make other more transparent plot"
"0","pdf(""output_figures/LEALCO-BEH_error_vot_betweenSubjects_partner_block_pointplot.pdf"")"
